lastAccountName: iLoLpIcK
timestamps:
  login: 1625749292644
  logout: 1625749814488
  lastteleport: 1625749455823
  mute: 0
  jail: 0
ipAddress: 85.140.19.187
lastlocation:
  world: world
  x: 221.42353163262365
  y: 64.0
  z: 140.39876494329553
  yaw: -80.39967
  pitch: 22.049997
homes:
  home:
    world: world
    x: 9987.591398176379
    y: 76.0
    z: 10039.052918485599
    yaw: -3.1482406
    pitch: 44.099625
afk: false
logoutlocation:
  world: world
  x: 112.30722651960916
  y: 60.42366040384388
  z: 252.77822116980053
  yaw: 256.952
  pitch: 43.34998
muted: false
godmode: false
jailed: false
money: '9100'
