lastAccountName: SaveAxcel
timestamps:
  login: 1625737816140
  logout: 1625738922396
ipAddress: 194.186.23.42
logoutlocation:
  world: world
  x: 856.2921303773373
  y: 63.0
  z: 1645.674290847529
  yaw: 322.51807
  pitch: 78.900085
afk: false
lastlocation:
  world: world
  x: 832.8833965654843
  y: 71.0
  z: 1656.074999988079
  yaw: 11.088562
  pitch: 27.449945
