lastAccountName: sotifulincide
timestamps:
  login: 1625769505794
  logout: 1625769657293
ipAddress: 188.227.8.238
logoutlocation:
  world: world
  x: 379.9412974383497
  y: 65.17675927506424
  z: 1762.0758812170095
  yaw: -265.36536
  pitch: 25.96385
lastlocation:
  world: world
  x: 143.12761267570855
  y: 52.0
  z: 223.17021278622724
  yaw: -7.622521
  pitch: 24.454271
