lastAccountName: dremkin
timestamps:
  login: 1625769249948
  logout: 1625769657290
ipAddress: 109.161.108.187
lastlocation:
  world: world
  x: 19.036881116098765
  y: 65.25220334025373
  z: 206.48725324602702
  yaw: -108.303955
  pitch: 29.778902
