lastAccountName: Axcel_Pop
timestamps:
  login: 1625658506831
  logout: 1625658723824
ipAddress: 194.186.23.42
logoutlocation:
  world: world
  x: 822.5864857843973
  y: 54.0
  z: 1655.5101003700665
  yaw: -15.617756
  pitch: 19.200047
lastlocation:
  world: world
  x: 856.6999999880791
  y: 83.0
  z: 1652.334202846753
  yaw: -6.7567925
  pitch: 70.19998
