lastAccountName: v_muted
timestamps:
  login: 1625765847932
  logout: 1625766476893
ipAddress: 91.242.190.77
logoutlocation:
  world: world
  x: 155.1704517479342
  y: 66.0
  z: 172.82634703628742
  yaw: 255.22015
  pitch: 0.14961076
