lastAccountName: Debiks_
timestamps:
  login: 1625768012775
  logout: 1625768007953
ipAddress: 94.140.145.104
logoutlocation:
  world: world
  x: 115.42669049009683
  y: 66.0
  z: 160.11406203105705
  yaw: 17.994629
  pitch: 16.855345
