lastAccountName: Sya_blade
timestamps:
  login: 1625769122681
  logout: 1625769657285
  lastteleport: 1625734448389
ipAddress: 109.174.113.79
logoutlocation:
  world: world
  x: -48.17155095704303
  y: 52.5
  z: 225.06868557991626
  yaw: 142.50021
  pitch: 45.149982
lastlocation:
  world: world
  x: -24.88119323007538
  y: 65.0
  z: 229.7154528299089
  yaw: -250.6416
  pitch: 33.149876
money: '100'
