jails: 
  1: 
    world: world
    x: 9996.501074107078
    y: 73.0
    z: 10031.735333122162
    yaw: 175.35321
    pitch: 83.39968
