world: world
x: 128.68304013381237
y: 65.0
z: 201.4469536625141
yaw: 0.29745483
pitch: 7.200092
name: spawn
lastowner: 25a4de02-d16a-394f-a4b4-c13117f907c2
